63
7
1.0

-0.9634717166458833 1.1904820396971203 -1.7362291128862433 1.1334743655037662 1.6519226247311303 -0.19473086504024473 0.9635080229767712 
-0.8244080008954557 0.5825101206890264 -1.349703341648167 1.4748927568291594 1.1248930207066212 -0.11303699358576069 -0.3232815768598991 
-0.9304089557155629 -0.7071926479096169 0.7644202601426481 -0.46815139377250126 -0.6705033453662359 -1.8108235897166363 -1.72142138292756 
-0.0907265977340832 -1.3576298514854594 0.2930173648524682 0.08115499227746281 1.3558671044225765 -1.3964555390077416 -2.1494249562705687 
-1.4344795015856455 0.15502975579730816 -0.27214904952617747 -0.02406245001961871 1.2991152374747101 -0.39806418549015943 -1.7967442405415162 
-1.7339080135868592 1.696963410245478 -0.9772014539981843 -2.9588800281039997 -0.931769601524007 1.4513044828676778 0.6944476093034249 
-0.01414743526165313 -0.06641687151448705 0.8025902267429943 -0.623009679503514 1.6552881228439884 1.3242462127258279 0.6060205543091826 
0.342458047772241 1.4362137969943238 -0.686458118685083 0.5449985140456712 1.1030119602422057 0.5188249811201517 0.4604178715303382 
-1.0879853204147483 0.3960040093255772 2.005403170774212 -0.13707459669285527 0.4448363246714988 -1.7932340681409333 0.9466741267753334 
0.14570825138489119 1.1148151379760443 1.403517982163417 1.243110455487701 1.2995461815505367 0.5275855920396666 0.10880250160821386 
1.4250999997943514 0.3008469175970776 0.6758321957944413 0.6486303472231576 0.534786140726834 -0.4559669177749981 -0.14994040275888354 
0.03129539862381725 0.5592012940521036 0.23690570241667464 0.1868513404011689 0.07797944597911444 0.8077730295177679 2.8409733655530642 
0.4456417714847848 -1.2658065680418396 -0.08767517673287428 2.4574270369608513 -0.9193199597504329 1.3854107852523767 0.3722725089416805 
-1.7882624356736319 1.5356593844159794 1.4794252449425107 -0.8057896930137671 1.5471837033713949 -0.5168488738129686 -1.5095291278089584 
-0.3809078863916874 0.06558479176892607 0.7512929204733252 0.307458758802438 0.920236384962124 -0.28384252808841737 0.4847951827831052 
-0.8494214145767405 1.0462133902534085 0.2073637850588359 1.150996424525865 1.2811545275138245 -0.8995084943407137 0.27392273494357 
0.49052272640881545 1.2718048104056172 1.0914050794305652 1.3802703765331295 1.1385285957537228 0.40272383267056844 0.5957043166287838 
1.7180218182588158 0.13519412608912662 -0.11834385177454665 -0.3628398891752658 -0.060159644953465596 -0.4805365174803654 1.263189429029707 
0.5704039839482227 0.5629569209216864 1.3892092368572504 0.5576096080835042 1.9586092358847207 0.7555647683942663 -0.21945108642935873 
0.8575958894894218 0.9088034777751461 0.020177023119549498 -0.012087096906253425 0.6441224962803356 2.5036228834263508 0.3560843082179867 
-0.24939632998628758 1.3592015001947084 0.4343287058999057 1.168993626431071 -0.6698234907257097 -1.5789484615712706 -0.9632271723488874 
-0.1667575361013261 -0.37833607662753466 0.5622249632092018 0.209456651543507 0.33300222270807756 -0.1392708186960383 0.5107427733339324 
-0.7215026668527811 1.2033207896854288 -0.10932097400259333 0.5387081155548745 1.5540803283632076 -0.17427160985322177 0.8331667977853976 
1.9167346859302157 1.3931590810241614 0.09556014588831996 0.23786099015140016 -0.37538869800140606 -0.38786475156586175 0.5513126193417501 
0.16843036921272125 1.6045009564570254 0.8842226000596608 0.7225278191373778 2.948175374386622 0.8928687771311814 -0.17501448704469735 
1.1844821727848927 1.1917842612069074 1.2835027901434386 1.1438560440538832 0.66697591299367 -0.4865317637772084 -1.4120742172206093 
0.7237066502931114 1.6079964175157684 0.18226697148532123 0.04903950410744995 -0.06230000992371476 2.321537285628907 0.4796464439923934 
-0.6781643105223694 0.11906642694740621 -0.7204883885894664 2.03502754822092 0.39486154457980516 -0.3913510192370582 -0.5432671433938752 
-0.19308485917165102 0.3968550944601166 1.3400061646984351 -0.27914120230463135 0.829452144949077 -0.13483682605274372 0.45252741550945996 
-0.3177130145883702 1.045355550549169 -0.7613550577779886 -0.47269472661772993 1.2773566242157361 -0.21674986151544073 0.343681233416947 
0.17503261401849235 0.832031105758547 0.0647387358018805 -2.167399566428645 0.09962803431984701 -1.1371732277203928 -0.43224161853748744 
-0.5071660222219656 1.9871268085231506 0.006723227367124718 -1.0957569060916499 3.488294637940588 -0.16078246659272855 -0.9357035744929822 
3.007727437728258E-4 0.6645058341807213 -0.4291824020621515 -1.4010547996159275 1.6277529595377587 -1.473225592026282 -2.5073762061349427 
-0.11308610761429716 2.3682273435865238 -0.8174669368239622 -1.5352512463579155 -0.813293585780881 1.9984056412473326 -0.03668633699302304 
0.446960371627933 -0.22225242822585933 -0.2347133861707913 3.6315101740990188 0.5978084561375716 0.5497822082161177 0.688535209047394 
-0.29488924642390346 -0.4031295020293475 1.3937808140517696 0.29320081129698705 0.7827731750501532 -0.050390956502042394 0.7157246654270313 
0.5684133842254184 0.11765492548410394 -0.2766464201137211 1.069044919353921 0.8018356897666703 -1.9700233058541359 -0.2222019686950798 
1.75662352738083 0.03776190913515243 -0.190053432470274 0.7638566741216708 0.5513259135891908 0.6898073905570756 0.2698062844136402 
1.6445557833744082 -0.40233014663079825 0.8806999084117431 0.3518198596328199 0.17294814419752025 0.5236395440181911 0.7104513621279198 
1.382564757839461 0.13366371760227058 1.1642056524833888 0.8947477775596457 0.4951977131930243 0.4222653448666185 -0.3216421989180319 
1.050846427435548 -0.4984116732412509 -0.42478131154016685 -0.1047374402223129 -0.18234829392992669 1.8285856363005246 -0.9031558714528571 
-0.6678627686542522 0.8954405158451999 -1.215930143363779 1.735837899712652 -0.09782071934830827 -0.07342051955995976 -0.20485592677441755 
-0.22804279937466548 -0.16955211002318182 1.243328457875438 -0.398398251546227 0.8988712076856185 -0.7703801586552665 0.4243499151102422 
0.5653354581825558 -0.36049551753846965 -0.7991988224335884 -0.18228818462966778 0.5596240672403106 0.8662737169657412 -0.43405993390967734 
0.20889048496150142 1.0360215970780642 1.3280436389271868 0.8538531788681112 1.7773316179330954 -0.8468537933671209 0.6521453076868933 
0.07882159379827014 0.7001652893341362 0.2621640577392901 0.6951256476192045 1.2300070799522989 -0.3042375206626483 1.3823040160888973 
0.35078631794308734 0.5178765877688785 0.5476745179858897 0.2931871848940719 -0.3106568150420267 -0.21645197219877277 1.7180334119266079 
1.0412900910253735 -0.06327132336592234 0.3058286024244754 -0.4394553338261553 -0.6372158186268158 1.9013543325307736 -0.18550931419723482 
-0.7559344235507253 1.2999398387482408 0.42620699780367555 1.1807949138680938 -0.9062983373230526 -1.6004871927575484 -0.1622610526805488 
0.1079820965204662 0.9127228020187147 -0.5694443710038675 1.1843856424517059 1.578124912618656 0.09722477374208782 0.6423023906062177 
-0.920094662192797 -0.6915322759623928 1.2919846490083786 -0.5189858852733406 -1.9367632955997767 -0.6192580992167382 -0.13083751325009385 
0.3616754965523935 0.6824706755444825 1.4516168194134358 0.9687673514268378 1.193215393652113 0.20004447926775848 0.8587338913907531 
0.4653159427444067 1.0568468038696057 1.165521938943435 0.5809609507084235 1.3600950604807691 0.6876857627890651 0.5771851795781586 
0.1725983994623218 0.7905440475560747 -0.023845885102677045 0.6122420376427626 1.0724284146037288 0.4968901859415211 1.1547400017717142 
1.9046171037666184 -2.1628445061989083 0.4739801348420025 1.0832008074616013 -2.5603159050575375 0.28303040848057004 0.8598710020026634 
-1.021634606993515 1.6579555047232664 1.2695074144405418 -0.7838156280599444 1.3515988990692596 -0.636976490925202 -1.8172414825540273 
0.4786569787225652 -0.3242941901069545 -1.5347763049623055 1.30111523270423 0.16631894295283223 -0.30861757344145047 -0.2193046459644027 
0.29605886079907917 0.007014904559789148 -0.8307693788204702 0.5956388315638883 0.15755770517369871 -1.2915317411148681 -1.3771794206052899 
-0.5194246230420322 -0.9951458535061737 -0.29035418779257083 -1.2577399816145436 -1.9573385700791168 0.013659853386689402 -1.2272775396582731 
-1.5862804893611957 0.46448840106219635 0.045050082580197603 -0.2052065954294705 1.3137655922165448 0.8872186200964399 -1.4448459821848856 
-0.38236703599707866 -1.0160585902751342 0.3966116807298432 0.12518302572650464 0.40399511168438307 0.609990265882748 -2.7914067646329763 
-0.5032558416972994 0.8475960715645219 -0.2953731593412925 -1.8615284708463393 -0.5202076456249807 -1.0015461857627832 -0.05270472727376169 
1.4954495336222688 -0.05939446848561736 0.702399491526585 0.19774876211631787 2.2067156924658704 0.7623384401607003 -0.48715360746999603 

-0.28001418596977534 -1.022475544219998 -1.2685240340599542 -1.364434671020503 -1.0143631800617472 -0.7616626168386686 -0.7627413328881966 